&PEARSON
 MEANB=  18.0343609    ,
 MEANE=  17.5647984    ,
 SB=  9.17150784    ,
 SE=  9.94984055    ,
 COV=  91.0919647    ,
 T=  404.373138    ,
 R= 0.998212934    ,
 COD= 0.996429086    ,
 /
